2.121925354e-05
5.96046447754e-06
4.05311584473e-06
5.00679016113e-06
4.05311584473e-06
4.05311584473e-06
4.05311584473e-06
3.81469726562e-06
5.00679016113e-06
4.05311584473e-06
4.05311584473e-06
3.81469726562e-06
4.05311584473e-06
4.05311584473e-06
3.81469726562e-06
0.0943429470062
7.86781311035e-06
4.05311584473e-06
3.81469726562e-06
1.90734863281e-06
0.0312480926514
0.0320241451263
7.15255737305e-06
0.0412549972534
4.10079956055e-05
2.71797180176e-05
1.38282775879e-05
1.90734863281e-05
0.0295381546021
6.91413879395e-06
0.0494751930237
0.000112056732178
6.91413879395e-06
5.00679016113e-06
0.0257740020752
0.0198581218719
0.0355229377747
8.10623168945e-06
0.0270450115204
0.0348699092865
1.69277191162e-05
0.8704829216
5.60283660889e-05
0.108939886093
1.00135803223e-05
0.07501912117
0.000153064727783
7.86781311035e-06
5.96046447754e-06
5.00679016113e-06
0.0522358417511
1.50203704834e-05
1.59740447998e-05
6.91413879395e-06
5.96046447754e-06
5.96046447754e-06
5.96046447754e-06
5.00679016113e-06
0.0342810153961
0.000614881515503
0.0763380527496
1.00135803223e-05
0.0403928756714
0.29664182663
1.19209289551e-05
0.201991081238
1.38282775879e-05
8.10623168945e-06
6.91413879395e-06
0.553093194962
1.59740447998e-05
0.0231161117554
0.0400998592377
0.0371079444885
2.50339508057e-05
9.05990600586e-06
0.0219280719757
1.78813934326e-05
2.00271606445e-05
0.0389978885651
5.3882598877e-05
0.000200033187866
1.81198120117e-05
0.0408771038055
1.00135803223e-05
7.91549682617e-05
5.79357147217e-05
0.0259048938751
2.50339508057e-05
1.09672546387e-05
0.0260260105133
7.86781311035e-06
1.00135803223e-05
0.0372350215912
1.00135803223e-05
5.96046447754e-06
0.0374300479889
0.628751993179
3.19480895996e-05
1.31130218506e-05
1.59740447998e-05
0.0376150608063
9.05990600586e-06
5.96046447754e-06
5.96046447754e-06
5.00679016113e-06
5.00679016113e-06
0.0398890972137
2.09808349609e-05
1.09672546387e-05
6.91413879395e-06
7.20024108887e-05
0.000186920166016
2.78949737549e-05
6.91413879395e-06
0.013200044632
2.28881835938e-05
6.38961791992e-05
0.0356411933899
0.124915838242
1.19209289551e-05
0.037437915802
5.98430633545e-05
3.50475311279e-05
0.0401890277863
1.28746032715e-05
6.91413879395e-06
0.197761058807
0.0449409484863
0.162949800491
3.09944152832e-05
0.185177087784
9.05990600586e-06
5.00679016113e-06
5.00679016113e-06
0.0281858444214
0.0426518917084
1.09672546387e-05
0.0405991077423
0.0325031280518
8.10623168945e-06
0.0710690021515
0.0382750034332
