0.0
0.0
0.0
0.0
0.0
0.0
0.0
0.0
0.0
0.0
0.0
0.0
0.0
0.0
0.0
0.0
0.0
0.0
0.0
0.0
0.0
0.0
0.0
0.0
0.0
0.0
0.0
0.0
0.0
0.0
0.0
0.0
0.0
0.0
0.0
0.0
0.0
0.0
0.0
0.0
0.0
0.0
0.0
0.0
0.0
0.0
0.0
0.0
0.0
0.0
0.0
-0.381469726562
-0.381469726562
-0.381469726562
-0.381469726562
-0.381469726562
-0.381469726562
-0.381469726562
-0.381469726562
-0.350524902344
-0.350524902344
-0.350524902344
-0.350524902344
-0.340209960938
-0.340209960938
-0.340209960938
-0.340209960938
-0.340209960938
-0.340209960938
-0.340209960938
-0.340209960938
-0.340209960938
-0.329925537109
-0.278350830078
0.0
0.0
0.0
0.0
0.0
0.0
0.0
0.0
0.0
0.0
0.123687744141
0.123687744141
0.123687744141
0.123687744141
0.329895019531
0.329895019531
0.329895019531
0.670074462891
0.670074462891
0.670074462891
0.835021972656
0.835021972656
0.835021972656
0.845336914062
0.474212646484
0.474212646484
0.474212646484
0.474212646484
0.185546875
0.185546875
0.185546875
0.185546875
0.185546875
0.185546875
0.0
0.0
0.0
0.0
0.0
0.0
0.0
0.0
0.0
0.0
0.0
0.0
0.0
0.0
0.0
0.0
0.0
0.0
0.0
0.0
0.0
0.0
0.0
0.0
0.0
0.0
0.0
0.0
0.0
0.0
0.0
0.0
0.0
0.0
0.0
0.0
