38.419335
38.419336
38.419338
38.41934
38.419341
38.419343
38.419344
38.419346
38.419347
38.419349
38.41935
38.419352
38.419354
38.419355
38.419357
38.419358
38.41936
38.419361
38.419363
38.419364
38.419366
38.419367
38.419369
38.419371
38.419372
38.419374
38.419375
38.419377
38.419378
38.41938
38.419381
38.419383
38.419382
38.419382
38.419382
38.419381
38.419381
38.419381
38.419381
38.41938
38.41938
38.41938
38.41938
38.419379
38.419379
38.419379
38.419378
38.419378
38.419378
38.419378
38.419377
38.419377
38.419377
38.419377
38.419376
38.419376
38.419376
38.419375
38.419375
38.419375
38.419375
38.419375
38.419374
38.419374
38.419372
38.419371
38.41937
38.419368
38.419367
38.419366
38.419365
38.419364
38.419363
38.419361
38.41936
38.41936
38.419358
38.419357
38.419356
38.419354
38.419354
38.419352
38.419351
38.41935
38.419349
38.419348
38.419346
38.419345
38.419343
38.419343
38.419341
38.41934
38.41934
38.41934
38.41934
38.419339
38.419339
38.419339
38.419339
38.419339
