-110.78182
-110.78182
-110.78182
-110.78182
-110.78182
-110.78182
-110.78182
-110.78182
-110.78182
-110.78182
-110.78182
-110.78182
-110.78182
-110.78182
-110.78182
-110.78182
-110.78182
-110.78182
-110.78182
-110.78182
-110.78182
-110.78182
-110.78182
-110.78182
-110.78182
-110.78182
-110.78182
-110.78182
-110.78182
-110.78182
-110.78182
-110.78182
-110.78182
-110.781818
-110.781816
-110.781815
-110.781813
-110.781811
-110.78181
-110.78181
-110.781808
-110.781806
-110.781804
-110.781802
-110.7818
-110.781798
-110.781796
-110.781794
-110.781793
-110.781791
-110.78179
-110.781788
-110.781787
-110.781785
-110.781783
-110.781781
-110.781779
-110.781777
-110.781776
-110.781774
-110.781772
-110.78177
-110.781769
-110.781767
-110.781768
-110.781769
-110.781771
-110.781772
-110.781774
-110.781774
-110.781776
-110.781777
-110.781778
-110.78178
-110.781781
-110.781782
-110.781783
-110.781784
-110.781786
-110.781787
-110.781788
-110.781789
-110.78179
-110.781792
-110.781792
-110.781794
-110.781795
-110.781797
-110.781798
-110.781799
-110.7818
-110.781801
-110.781803
-110.781805
-110.781807
-110.781809
-110.781811
-110.781813
-110.781815
-110.781816
